1000
49 73 97
63 73 6
84 26 67
91 2 11
55 71 46
26 7 46
94 30 5
41 5 75
38 2 57
69 74 98
79 29 41
91 86 32
21 28 21
13 28 46
62 18 5
30 9 85
9 67 98
89 41 20
0 89 69
61 18 70
84 32 46
74 92 31
27 5 38
63 97 5
67 68 52
34 21 80
50 22 39
94 62 11
41 98 74
56 80 4
12 55 55
84 24 17
82 94 57
43 72 63
62 59 95
77 89 85
98 22 42
93 37 34
49 18 95
20 2 14
5 95 26
0 68 90
17 75 28
24 1 68
30 94 18
50 42 68
79 94 60
6 54 76
21 17 22
25 55 35
10 33 21
95 24 55
35 87 31
46 26 68
91 25 16
4 99 54
63 18 95
51 61 95
2 96 76
66 15 25
84 79 48
86 41 9
91 96 80
16 79 40
89 86 90
89 84 47
25 68 86
11 60 98
82 28 71
44 68 69
50 20 90
17 63 22
3 31 48
43 86 20
17 46 54
27 23 13
15 72 4
65 69 32
39 62 18
11 30 40
30 64 56
49 78 52
33 39 73
60 2 68
69 44 38
16 88 96
75 69 6
98 41 60
10 22 75
73 81 87
46 4 73
54 98 4
60 68 69
38 92 85
2 9 3
73 60 73
8 44 91
49 22 17
94 73 33
23 89 93
34 99 40
1 12 64
83 89 31
29 90 66
11 78 3
42 4 54
51 76 26
99 26 64
31 9 97
52 71 98
56 57 34
67 19 16
1 87 21
84 69 3
54 36 40
13 62 100
70 35 42
23 35 44
91 2 12
52 79 95
35 35 60
62 17 11
0 2 42
57 28 81
3 8 88
53 48 96
77 91 2
74 24 4
13 55 55
9 67 78
43 44 59
59 72 79
97 10 91
16 58 27
7 38 80
95 85 18
52 22 97
10 37 85
52 72 19
32 67 10
43 99 74
82 98 10
36 17 39
4 1 83
33 60 68
66 75 25
38 42 11
6 26 84
54 93 10
71 81 41
78 12 26
55 77 36
93 54 6
35 71 80
23 68 11
43 82 22
75 96 31
100 17 30
28 75 45
27 6 1
48 55 54
8 34 45
16 93 89
24 89 95
64 85 30
4 42 74
32 77 66
16 11 38
7 84 93
35 97 48
95 29 87
28 89 30
53 89 74
43 30 26
93 73 82
0 71 40
39 42 75
85 33 65
38 18 100
14 58 26
28 9 52
0 42 24
6 12 13
22 75 38
82 19 81
8 59 6
51 72 5
46 65 73
78 100 69
17 26 74
32 47 87
11 99 92
93 28 75
58 86 97
14 89 2
85 74 65
97 83 99
28 13 37
61 12 61
37 59 59
47 52 75
6 53 79
41 35 64
7 62 58
68 82 88
68 63 40
73 41 26
82 47 46
61 11 30
25 43 2
38 36 53
17 73 94
84 40 70
74 76 22
21 80 63
82 87 30
57 52 31
99 77 4
88 55 34
18 89 10
34 92 69
53 6 61
6 74 68
85 73 67
16 74 2
62 17 79
8 64 34
80 94 17
16 54 82
76 10 62
0 53 42
32 15 55
62 46 1
8 61 3
61 38 36
95 95 17
43 97 35
89 80 24
34 74 94
75 93 5
79 88 11
90 98 72
34 98 65
46 13 17
33 24 78
78 31 43
96 100 18
88 76 98
21 6 39
63 39 40
72 53 57
16 96 54
32 43 54
48 46 58
83 56 97
29 72 80
8 100 13
100 28 10
7 13 7
70 88 73
11 69 57
26 2 42
39 68 98
81 88 84
32 10 75
61 6 25
37 43 86
67 83 21
29 21 89
56 1 93
31 83 25
50 82 26
2 76 15
49 32 95
16 66 92
75 40 70
7 95 21
23 76 96
76 82 99
25 85 66
77 28 9
0 32 79
34 68 35
32 81 7
13 66 1
90 24 63
25 93 2
79 37 2
94 29 22
100 89 76
94 54 91
1 74 53
54 7 5
80 15 95
59 8 29
90 63 36
81 38 96
34 16 89
79 26 26
34 59 57
66 20 11
2 32 95
51 52 94
100 27 67
95 23 15
65 42 19
72 84 72
79 20 6
100 47 93
65 18 82
82 55 91
68 94 26
37 13 100
53 97 9
61 30 32
94 29 61
58 58 81
14 65 87
22 28 37
54 99 95
18 22 25
55 68 37
52 60 75
4 25 17
55 65 61
17 69 21
61 34 14
80 80 99
73 43 35
6 97 77
67 14 93
100 55 38
100 87 47
100 84 72
6 90 18
85 7 21
2 42 20
44 62 13
72 40 83
60 5 38
9 76 39
73 6 68
86 33 83
97 18 34
44 26 6
42 33 100
75 28 25
44 7 12
30 44 90
97 81 53
38 3 52
90 48 65
17 2 33
1 95 53
87 47 83
12 25 45
4 38 5
32 96 39
65 39 45
94 53 82
13 94 70
36 12 28
82 24 95
42 25 39
89 11 13
37 54 52
16 58 42
100 66 13
99 97 98
72 98 89
57 61 15
26 54 1
25 23 43
68 6 13
9 100 8
2 57 53
55 83 24
38 73 58
36 32 85
7 33 36
43 24 79
58 12 24
33 35 34
28 2 36
15 29 66
96 31 25
77 83 58
59 30 79
78 84 95
64 70 73
42 93 63
55 32 37
53 66 72
19 77 96
85 85 34
10 5 43
38 8 35
65 46 89
100 91 18
7 78 53
18 18 95
28 16 5
0 55 55
14 36 81
83 88 33
41 87 80
45 58 33
91 10 23
99 41 62
8 90 85
12 72 83
46 13 67
0 33 60
57 10 21
96 44 13
91 88 3
79 69 11
20 41 6
21 89 97
90 78 19
51 32 31
79 67 41
85 86 56
4 17 11
13 78 5
68 85 59
54 28 35
86 89 75
85 96 27
75 23 60
67 48 15
57 14 13
33 44 96
90 70 34
38 96 19
67 10 77
9 72 95
82 97 70
84 1 80
42 12 84
75 30 25
64 15 25
97 40 88
20 73 83
0 10 42
80 78 67
25 76 48
7 84 22
19 78 93
33 61 4
25 60 20
88 7 40
33 58 9
23 74 80
93 81 97
48 59 23
15 90 92
87 40 57
52 37 89
13 17 1
57 26 71
42 8 52
91 77 63
64 76 28
5 5 86
64 16 62
100 61 33
92 3 36
70 91 100
87 20 40
45 39 5
39 39 55
16 86 48
70 87 37
99 3 95
33 56 65
29 42 62
76 84 67
93 21 57
7 68 97
57 92 78
76 58 19
92 31 9
67 45 63
91 41 56
59 78 24
73 7 6
54 72 3
99 99 99
27 56 28
58 20 22
42 67 86
2 35 88
95 88 7
6 57 10
39 5 38
7 72 10
1 90 31
4 79 33
56 61 7
35 22 38
62 67 78
54 8 62
90 22 23
16 53 10
61 87 41
75 18 15
15 87 67
57 87 8
95 85 81
67 94 53
47 12 95
19 80 12
82 89 7
42 93 80
12 83 57
3 38 18
3 82 67
5 77 17
50 78 61
20 73 91
84 79 64
54 53 91
95 53 33
62 46 8
63 43 23
97 37 34
59 19 85
80 32 67
55 48 15
61 65 100
100 84 31
10 86 69
11 45 87
15 28 37
41 67 73
45 24 72
47 92 81
55 3 20
55 80 45
0 20 21
27 97 67
40 87 59
14 46 40
46 13 25
26 57 61
53 28 74
83 12 56
20 11 46
77 75 10
13 63 44
97 24 78
53 48 15
16 81 32
2 86 38
33 17 14
54 84 77
43 47 33
38 4 40
96 74 56
27 65 77
84 30 23
75 63 74
18 69 54
55 99 81
46 100 80
12 7 78
3 19 75
42 13 34
2 47 93
100 1 1
52 39 2
100 91 95
42 63 85
96 23 79
72 96 80
32 74 85
14 10 10
26 63 84
84 75 56
44 88 41
0 27 62
95 61 13
15 14 85
2 93 86
13 9 61
24 81 77
20 56 69
89 8 11
45 4 63
67 43 20
22 15 99
75 18 61
52 69 42
76 47 70
22 89 58
27 81 7
25 43 87
35 73 75
79 6 30
99 62 71
10 87 38
91 22 82
64 20 30
5 34 58
53 5 47
62 90 75
86 67 92
85 68 41
60 87 90
79 40 83
73 91 41
72 83 63
4 8 40
90 76 61
100 45 18
30 65 81
13 45 52
19 61 77
9 78 90
89 42 1
66 17 16
75 31 59
70 15 34
100 33 89
33 84 61
18 75 8
93 40 71
12 9 17
23 17 75
35 9 73
99 91 5
17 8 18
22 14 70
54 12 86
25 61 69
14 33 90
48 19 14
37 73 10
75 76 37
98 83 39
21 1 14
52 27 3
38 10 22
52 44 12
26 91 40
7 29 92
76 7 28
67 89 59
28 53 36
56 92 59
13 15 75
42 67 14
41 32 82
20 46 39
32 27 27
94 20 21
31 15 100
35 62 33
11 97 8
95 92 84
19 71 93
29 16 45
54 18 72
77 88 1
15 81 62
22 4 96
54 28 31
24 8 15
75 97 59
5 92 68
56 56 52
7 52 70
96 33 27
76 77 73
77 18 99
81 13 32
61 88 67
4 47 1
54 69 77
9 10 84
93 24 72
48 100 27
73 94 6
10 67 92
2 48 25
83 81 21
42 7 15
26 26 94
26 20 90
2 20 12
23 7 3
94 11 37
16 20 69
94 41 86
86 92 88
54 70 59
84 53 47
10 22 55
38 6 39
88 56 9
68 23 60
28 1 34
81 14 29
100 39 9
10 33 33
87 15 84
14 81 78
13 42 34
97 76 47
55 82 52
31 90 6
92 100 81
45 12 15
74 29 63
83 25 47
7 55 85
51 16 83
31 47 82
7 54 41
2 67 55
36 98 30
99 61 22
52 56 84
77 21 90
73 29 39
81 38 43
96 46 59
5 4 81
43 58 83
98 69 74
21 61 42
67 45 84
85 12 5
27 39 58
91 77 4
69 25 52
95 52 21
44 4 23
91 74 34
81 30 41
35 55 63
47 8 15
8 61 41
32 98 7
57 71 100
70 42 40
12 24 3
73 94 45
4 80 61
36 64 15
80 65 25
20 98 70
14 60 30
75 53 41
47 74 14
4 47 5
66 43 12
52 58 41
71 75 75
94 30 67
93 85 66
43 41 16
84 98 25
84 90 42
29 23 13
51 9 46
61 58 61
52 68 11
4 86 31
20 39 43
12 88 91
63 4 15
98 85 64
92 55 47
84 63 23
67 3 26
2 64 93
28 11 21
44 33 42
61 55 7
99 35 58
95 59 36
11 5 82
29 81 85
58 90 100
68 13 87
17 53 33
5 97 10
93 26 48
17 32 44
65 48 46
97 96 54
66 90 100
91 5 25
16 20 13
99 92 60
100 70 91
79 91 11
100 76 79
55 37 9
42 35 78
88 98 52
95 20 58
8 67 44
40 76 92
81 58 33
56 91 37
75 68 11
87 37 94
76 23 47
0 44 99
4 64 60
67 54 42
12 3 26
24 57 38
0 92 67
3 75 98
46 38 10
52 29 5
78 28 94
53 46 81
5 77 3
44 27 57
34 27 91
71 76 48
69 96 3
80 60 28
53 80 34
44 95 98
41 54 55
77 41 62
18 57 73
34 26 6
22 61 99
77 61 9
81 4 75
63 42 23
65 77 76
10 28 72
85 70 9
99 60 89
31 20 6
74 35 78
35 64 17
70 16 5
76 85 40
65 91 93
31 80 31
96 46 9
7 25 48
65 77 89
15 12 1
8 2 87
12 65 66
80 5 56
16 35 59
51 26 61
51 66 33
56 82 23
0 15 62
83 15 78
31 57 62
25 69 7
35 57 4
69 62 92
28 74 83
6 36 66
65 77 35
87 37 36
53 22 1
98 13 29
34 72 48
79 8 72
97 82 93
97 69 86
11 10 80
76 27 10
54 47 14
55 82 21
49 60 88
73 5 80
67 12 75
20 18 1
8 87 8
79 87 63
84 95 42
78 71 68
37 62 67
22 41 17
41 97 68
42 62 90
44 65 58
95 82 27
51 37 95
10 33 56
60 98 27
37 87 64
35 29 87
74 98 45
37 65 24
100 9 27
19 41 36
91 9 77
62 48 83
46 25 23
99 70 27
30 74 67
78 22 46
95 33 26
18 66 28
77 67 94
65 88 97
79 70 92
31 32 20
38 86 11
28 46 55
49 35 2
87 66 72
83 98 82
74 27 60
38 15 17
94 30 1
15 48 19
100 91 42
6 23 99
18 28 91
47 88 70
57 48 78
58 27 76
60 29 94
78 23 25
73 4 82
48 21 33
78 13 34
38 100 15
57 75 18
39 81 80
30 61 23
61 9 64
86 7 52
23 21 97
82 35 76
89 80 48
29 75 87
64 25 83
79 4 33
12 100 82
61 53 3
25 25 97
20 60 5
12 71 89
98 4 46
72 36 27
98 38 32
25 54 15
75 97 39
44 19 7
99 13 4
97 58 73
81 45 30
100 63 3
37 92 57
13 82 4
16 12 2
93 73 87
13 64 55
60 4 61
36 41 40
52 90 42
16 10 4
4 99 34
52 96 17
50 27 13
21 53 4
50 45 96
14 30 25
63 93 100
45 61 96
1 22 6
72 17 12
97 61 94
2 77 57
58 99 46
59 89 41
43 81 99
39 5 87
3 66 73
81 79 13
36 61 83
40 32 40
80 66 44
83 77 15
27 61 19
47 27 8
93 92 92
54 83 44
24 98 37
100 26 16
5 98 52
